image_width: 1280
image_height: 720
camera_name: imx219
distortion_model: plumb_bob
camera_matrix:
  rows: 3
  cols: 3
  data: [640.0, 0.000000, 640.000000,
         0.000000, 640.0, 360.000000, 
         0.000000, 0.000000, 1.000000]
distortion_coefficients:
  rows: 1
  cols: 5
  data: [0.0, 0.0, 0.0, 0.0, 0.0]  # Será atualizado após calibração
rectification_matrix:
  rows: 3
  cols: 3
  data: [1.0, 0.0, 0.0,
         0.0, 1.0, 0.0,
         0.0, 0.0, 1.0]
projection_matrix:
  rows: 3
  cols: 4
  data: [640.0, 0.000000, 640.000000, 0.000000,
         0.000000, 640.0, 360.000000, 0.000000,
         0.000000, 0.000000, 1.000000, 0.000000]
frame_id: camera_optical_frame 